20 20
0 0 0 0 0 0 0 0 0 0 0 0 0 0 0 0 0 0 0 0 
0 0 0 0 0 0 0 0 0 0 0 0 0 0 0 0 0 0 0 0 
0 0 -357 0 0 0 0 0 0 0 0 0 0 0 0 0 0 0 0 0 
0 0 0 0 0 0 0 0 0 0 0 0 0 0 0 0 0 0 0 0 
0 0 0 0 0 0 0 0 0 0 0 0 0 0 0 0 0 0 0 0 
0 0 0 0 0 0 0 0 0 0 0 0 0 0 0 0 0 0 0 0 
0 0 649 0 0 0 0 0 0 0 0 0 0 0 0 0 0 0 0 0 
0 0 0 0 0 0 0 0 0 0 0 0 0 0 0 0 0 0 0 0 
0 713 0 0 0 0 0 0 0 0 0 0 0 0 0 0 0 0 0 0 
-273 0 309 0 0 0 0 0 0 0 0 0 0 0 0 0 0 0 0 0 
0 137 0 0 0 0 0 0 0 0 0 0 0 0 0 0 0 0 0 0 
0 0 0 0 0 0 0 0 0 0 0 0 0 0 0 0 0 0 0 0 
0 0 0 0 0 0 0 0 0 0 0 0 0 0 0 0 0 0 0 0 
114 0 0 0 0 0 0 0 0 0 0 0 0 0 0 0 0 0 0 0 
0 -61 900 -871 -654 0 0 0 0 0 0 0 0 0 0 0 0 0 0 0 
0 0 0 0 0 0 740 0 0 0 0 0 0 0 0 0 0 0 0 0 
-66 0 0 0 0 0 0 0 0 0 0 0 0 0 0 0 0 0 0 0 
0 -782 0 0 827 672 0 0 0 0 0 0 0 0 0 0 0 0 0 0 
184 0 -73 0 -379 0 0 0 -322 962 -517 0 -354 0 0 0 0 0 0 0 
-940 0 -270 0 -93 114 -444 -973 813 765 0 806 292 -148 -284 -520 -611 -716 -535 222 
