800
432
0
0
0
-37
0
340
0
0
456
0
-687
0
0
0
-770
0
0
0
0
-496
0
0
-562
-907
-799
0
-261
793
133
0
0
937
0
0
0
0
0
-953
-633
0
0
189
0
0
0
-867
-757
0
0
-489
0
0
713
0
0
-418
0
0
383
229
474
0
0
0
0
-406
0
-752
-961
0
0
0
0
-360
0
-720
766
0
0
0
0
2
0
-272
0
245
0
0
-711
-47
0
-109
-311
0
390
-933
643
0
-179
0
-347
0
0
533
0
-95
0
611
135
304
0
0
0
-804
0
-792
-63
0
-246
-434
0
-425
834
767
0
0
-988
-912
0
258
0
0
777
0
0
0
-46
0
103
0
0
-792
-468
0
0
0
0
0
0
0
0
-542
781
0
0
0
270
260
403
-852
-209
0
0
466
579
249
0
831
0
-958
-768
0
-920
0
766
0
-772
-926
0
-564
-221
-378
-461
0
0
-405
-277
0
308
0
0
0
0
829
0
-629
0
0
0
0
278
0
0
-928
515
694
-257
854
0
-131
-263
840
975
0
-728
0
110
0
0
0
441
0
0
-66
-130
0
-294
0
82
-427
0
-532
0
-972
0
-941
-328
520
0
160
0
878
0
-567
0
0
489
0
0
0
-105
0
265
0
-304
-208
-92
561
0
0
0
0
-533
0
459
0
506
184
-38
0
968
15
0
0
0
460
384
-548
0
-493
0
-652
0
0
-167
0
0
0
-572
0
-919
0
0
0
0
-603
0
0
0
423
256
-273
0
0
0
0
-313
-674
0
0
-977
63
-203
-680
0
0
-556
-13
0
-208
0
0
0
-550
0
-60
623
0
0
197
0
0
806
0
0
0
491
969
0
0
0
-963
961
-526
0
0
0
0
713
-104
0
0
-919
0
-242
0
0
-597
-117
-658
0
0
-464
0
-641
-88
-207
860
-739
0
0
-269
0
0
774
0
0
0
-188
755
0
-719
570
918
0
0
0
0
0
-355
-302
633
228
0
323
0
0
0
0
-929
265
0
-899
474
0
0
173
-238
615
967
-277
0
0
428
227
0
-921
0
168
-960
303
0
0
0
0
0
-549
-352
0
-809
322
947
166
464
-883
0
0
-327
0
0
-72
0
-508
0
492
-939
469
217
-930
0
-756
0
0
0
-953
-813
-391
658
0
-446
-249
0
0
0
711
197
-849
0
0
-87
666
529
-643
-879
0
0
0
-665
-828
-808
0
0
756
0
581
-715
440
281
-613
-380
-176
0
-831
315
0
190
0
-737
-336
-488
-851
-857
0
1
-707
0
-316
261
-931
883
-597
910
106
0
0
784
0
0
300
0
0
0
762
448
-964
758
0
0
603
0
970
0
0
758
982
0
-508
0
-915
-130
-772
561
78
-943
-697
-160
167
0
54
-254
0
0
0
103
0
591
0
0
0
0
0
0
328
0
0
359
0
0
832
-996
297
174
668
521
-23
928
0
-333
0
770
0
623
0
-931
683
873
0
765
0
-563
0
0
0
-960
48
-114
-836
0
0
968
907
842
-844
0
961
-221
-695
0
0
0
993
-709
848
0
0
0
0
908
0
-343
927
0
0
0
732
0
443
214
0
0
908
-690
-998
0
0
-863
274
803
127
0
0
0
0
0
0
-77
0
0
814
-547
0
0
0
0
0
31
-204
-501
-743
-664
0
-797
-288
-803
0
-866
0
0
0
-561
0
604
0
586
0
367
-435
0
0
0
-700
0
547
-969
0
17
0
506
0
0
0
-890
0
0
0
0
-282
996
302
0
0
0
0
0
0
0
0
0
-581
44
372
-546
0
559
0
-125
0
0
205
-656
-681
0
60
0
858
-19
0
0
923
0
447
0
172
210
0
0
-968
352
787
0
0
0
303
504
0
0
944
0
145
586
-698
0
131
-752
0
-377
0
467
-934
0
0
0
0
0
433
0
668
0
0
734
0
0
-264
174
0
407
749
0
0
0
217
0
0
0
0
-767
0
909
0
0
0
769
-650
-41
242
0
0
0
791
